892.596522603 -507.109586076
636.730870867 -1792.44481836
910.39960429 -1172.96181483
745.71487096 -461.822455541
-94.0955698369 -173.571791357
-2054.01966467 1172.72350145
-212.727745349 1464.49796147
405.703144837 3386.33091785
-198.71851498 -1292.15981715
-1520.32631484 -1245.28378832
-1448.45529376 829.586470367
1049.18849373 -405.748802803
-563.023917739 -700.376641041
-413.25024578 753.218203139
-527.806334504 732.609643148
-1792.4943734 -1006.79057985
-911.489587848 -1677.17827465
-2063.30530648 -519.719097602
-2415.99235821 135.801950952
872.657227172 316.12766662
-2892.64793892 1274.527885
-507.602286169 155.030325625
586.778220015 -728.66336447
-1017.82727628 -1360.6430984
-869.431094747 -1018.40987244
152.192283799 734.050807128
1703.08267378 -112.117692622
495.674287055 906.281220053
194.128287042 1042.01077689
1990.61918125 204.399934612
-762.553169464 -928.176053815
-167.723398042 368.87039761
381.983848714 351.994684536
-727.393595874 -408.032575629
-533.788569979 -954.381868718
-1070.12589484 -1956.59946542
-1018.703517 -857.245888298
102.014836085 221.19044322
551.157230859 -856.649035721
196.737120813 1435.20613607
-694.85439299 -1161.72639714
-532.646348235 82.4239691074
-698.883089026 -711.147267726
-2.40403798472 -900.233410569
-57.4690267725 -1038.26187627
864.610175609 -435.499695439
461.515888684 12.6826186419
547.054226642 1216.38044493
317.838904171 -132.967186395
118.988511086 647.791944147
313.37055449 -367.592759102
-369.698425832 1035.06692321
-1154.37058344 116.407738569
-768.14123109 -182.150363486
261.377902496 980.305299754
-97.0018602421 386.631891419
120.148664289 146.756210183
-1482.6197909 829.390786394
3665.89942873 648.241609432
520.132359692 274.174006539
-519.663255091 -1362.3976637
-986.052655499 -2279.08414945
-488.219456026 -605.873156525
364.775531393 55.1050741892
139.776549111 -74.7266708585
1471.76283446 576.102858257
-685.360725416 -2365.0397778
-307.383331151 -478.953295675
-976.515346467 -659.858047796
-34.7716393982 865.90631861
-795.677613704 -423.856069621
-1974.7450433 -545.191987373
-16.2771576402 1196.81238411
2003.33848239 579.695239197
-2032.30074003 3074.44940671
-466.727055199 1405.11957045
1181.50855624 1008.16061729
-803.245524099 1438.18451791
-780.523813855 -165.114887937
-276.171024926 862.736115743
1598.70099047 -1202.65092451
-683.991936088 -254.499362439
-1311.67268403 287.984395234
11.4150455547 -2019.42883199
-963.066168621 -245.283483003
-176.604528558 -496.032126709
1754.72559668 -224.122178589
-1036.946587 113.042477519
-546.013408805 238.156059965
-306.361263579 -1031.02742705
